2068560
139952
872336
1987456
1394768
1230872
1550056
884216
1868840
627544
622344
1425672
1873720
416688
1553000
1048496
2025808
1473176
1869416
30176
1534672
1725408
1737112
1001312
838768
388704
1705408
843288
930896
922240
232824
1428664
1613144
92728
683576
486872
509856
453992
691912
720680
634392
1859824
884656
844752
120664
2025768
845952
121712
1286112
1262152
686960
1602864
750872
319784
980240
1580032
541136
1582472
1951752
1584624
1941040
79904
270048
138168
215800
1892152
214720
1559544
1588224
537200
1337496
519944
489512
1192720
1795928
2064416
832488
888368
333496
1549640
1158408
1314072
229272
893864
109816
932744
1535016
276080
806504
622264
1610080
675608
63568
111024
1417832
1505264
1735216
1015544
1275568
1176000
315328
2042112
940216
1367944
1417720
1944112
1852176
843624
8056
237520
1513168
1376
2336
697456
1209536
280808
31440
1772816
833736
1791784
17464
368008
1707400
962656
123560
539536
63640
191240
681520
1694104
1001776
11752
136864
1544328
1631384
171056
2022032
1766928
991024
1920848
237848
1765944
1855584
1527784
939848
2074768
1396800
1702576
207440
1457312
169136
2076056
1169512
1477600
1365344
2096664
1220200
1210016
1273032
276120
1363144
413088
2043424
1168936
955624
622112
348944
699456
44616
1538120
75984
1529376
791720
1041376
2082600
1393048
869256
266096
171408
1235096
1884256
988752
8232
1800536
1997504
1848712
103720
381672
1545672
404216
763336
884056
1207064
478288
1328744
1680776
1583440
877640
1331152
259360
2000200
2016672
579536
454000
477912
1155616
737440
181984
795960
2079872
33328
289552
1116096
1743112
549296
972704
862552
507320
651248
475184
559016
662160
1875232
1240944
1258736
1959040
1639136
747504
1950016
1752656
608760
794944
409176
1511864
2027000
1202704
2031008
1238000
1171248
1717896
838832
543712
1528288
1337752
371328
86280
398336
1635736
284264
501720
1703144
1802760
139832
1334216
1368232
1130328
1540656
267992
1034624
1265592
716384
876600
417064
2038280
1805424
126960
1589072
1828352
1508784
1690896
1514960
203368
514304
235752
727296
1806904
1125024
761648
150984
1231552
556448
1561336
588304
1533096
1541568
8616
1973864
577696
1193448
1970160
1016320
1297632
1677832
1032104
302072
611688
1474712
49592
109296
1250608
1534592
315376
1689320
588312
314640
1316408
1783416
1177896
1002816
447560
887400
1646376
1242056
1965536
1278776
1633208
1356856
1871440
698760
954920
1140000
1843744
1943920
735936
852976
1954656
1541512
327592
900480
829232
1605696
532272
1316496
768816
308912
1067368
1816576
770200
680432
1139544
357520
27192
79440
840112
139872
1773808
1016312
1584128
387888
12136
372056
1299512
2083496
669976
1143176
597376
1566944
230128
842392
1145512
659456
874080
1187080
1852608
2096824
565440
271672
1933472
1410344
1667896
1624024
371416
43864
1603216
232584
1562976
102728
555384
960168
709144
1928168
538416
128696
125400
572208
432560
667992
1575912
493464
383456
133040
251112
123808
1500592
302744
1720464
87808
335256
1405440
805664
1130984
62464
1377672
675872
1558320
2013360
496120
1505248
623112
358528
760760
831080
1229304
1500136
1071504
1545200
411024
783624
174720
1902112
894224
689040
1305008
1181000
213096
2095336
922456
312616
4408
1611336
1590216
1586608
1945584
314192
1160968
243368
409232
643920
593232
690864
2077344
988288
1637008
1963200
1641736
1116960
162704
228608
1883880
923504
183576
1214600
72552
1566312
847656
364088
1303464
1763368
2096888
1768808
67384
1086544
1553976
311904
488480
647352
1434008
1315304
1609120
1168872
2033952
300768
1404712
1253720
239448
1586720
1985848
202440
1340784
2058016
864216
1872360
1952360
846760
1253136
295304
1829664
485088
1779728
2069792
1010936
1574904
1402184
1853600
2054760
1306664
1129632
1856728
1192184
876120
887944
710688
920944
1701472
1452664
332008
1479720
279048
1022960
1120776
1766856
2088672
1255992
1695744
436144
179176
1591616
928608
501912
2017728
1887768
1999960
50208
96256
2089304
470664
695304
164208
1038272
814192
638880
1117960
970696
885400
976624
1439984
670136
312112
394664
2065312
120880
118704
258520
217360
233896
1037096
775760
224144
1695480
929016
667440
1766800
1946840
1319544
1081392
1572608
1719920
755320
704384
1880480
1348504
1366336
1314424
607792
252120
1843776
1709200
448824
406248
622488
1211776
237384
1173752
603984
2096984
510888
528936
939200
134160
1880440
68000
184600
1651104
1170384
963440
704624
492632
120136
521992
1816968
90208
640280
721976
1184328
1563584
1575432
496176
86376
253152
112296
1451368
1879976
1068504
1745416
450704
58488
1995264
705904
372952
1217424
1355352
1204888
922784
330104
217328
982096
804400
986800
430864
1626272
885136
768424
593440
443488
1863656
1237288
119008
928304
512248
1053800
1424968
1687488
1885104
1161904
1033816
2021736
1191272
532688
55472
1957104
63264
1112272
1126680
635104
1847952
122320
533768
615232
80568
1280736
950160
712552
386360
522904
267464
1621280
165848
388264
1169320
1309536
722776
1137008
1175352
1128440
75024
351480
179912
1551024
56784
1351152
681384
1909480
394568
231776
1751880
929416
1629288
1439528
849760
794088
1091984
1188728
1481888
827536
765160
112336
1209072
130928
928696
1898944
1831344
1219456
230112
1693920
317152
1344432
1664888
1819768
261856
9592
13192
1655296
1177880
1124208
1954808
2029592
412008
1537160
717912
337176
1422728
684352
1474280
3488
532512
560392
1035048
296264
1017808
1695024
1682600
1104816
642376
1499088
1192128
855320
2061224
2037288
349344
891008
152624
1230328
1396216
1344184
1280216
1984720
1819368
1330920
1720472
1118744
885432
913104
214392
14704
47392
1907848
1263168
1019680
239600
1922280
1320768
803208
1635752
2074112
1925168
905584
1159200
650016
108376
1221544
209000
758232
823488
865528
336712
24784
1358248
319568
499736
547776
872976
336616
717408
1164728
138896
731280
568560
452864
71240
260872
1880056
1216672
1212616
1777128
396168
1495432
554040
902144
97872
166096
804752
197584
1094168
1667672
1797976
167312
1089736
20272
379976
1723352
1537720
1152296
1054240
426168
468680
1155752
1373880
1532504
1265376
1710624
1320120
432808
452032
500064
754272
2066160
828384
712064
1120728
376560
310688
669304
2073400
1452504
360456
1176344
997064
1342032
787312
57464
1271248
1931400
1254480
1110280
1528512
1969192
570632
1993592
1752152
465216
1176216
1851168
1260160
103552
2092944
2037216
572544
1892320
922824
943088
471000
1281440
799864
235168
319920
1160560
816976
1024016
251424
1067088
1687032
2041552
891864
589640
778216
805800
470368
924624
510000
1895768
1379000
710376
95736
478608
1863416
1291080
793664
1614952
1836048
1338504
825688
1051536
319680
352616
295152
1596664
1143320
114912
1269744
439648
98024
1208408
609928
271280
492976
1538696
2019592
314480
88728
623240
1800
1075976
380536
569744
905200
896680
1371864
1010568
788072
435120
1904816
1435080
640768
930096
345544
405672
1273000
984040
208168
275800
1266664
2027056
108432
201696
1195936
569968
1675048
502160
1364600
928424
16552
1895248
1748056
1348248
926896
1815920
1167664
1639792
577848
590040
533136
1986576
1508816
405640
341512
1097296
2084712
2065088
406584
1733616
2091608
701096
881664
627288
217056
1214984
278464
1386248
1956808
1525712
1433832
120392
2069992
1332248
1341264
939960
603376
661992
1697312
289928
385712
1152200
1586968
583712
1227320
2003472
1769336
1769976
880120
1581816
2040608
1815504
1093880
1294424
979224
790536
122208
168456
889512
750320
295040
81448
1542792
1761472
1752696
759768
2043720
