1862304
1808816
1787208
1774504
1742888
1715256
1702880
1670016
1662656
1641008
1634256
1623544
1600264
1559520
1542320
1540520
1524128
1505848
1500024
1490128
1472648
1456424
1441552
1437256
1422112
1418040
1412384
1401208
1397856
1392240
1384128
1409784
1346400
1345648
1316176
1246600
1245984
1213064
1204296
1200248
1192360
1169544
1181888
1147056
1145000
1144888
1131352
1093320
1079304
1025184
1017320
1001720
992440
978376
967296
940392
931776
916136
907928
905088
875688
873752
858248
856008
853064
849840
840608
826672
820592
814328
809704
780728
771952
769616
752728
745616
687976
683496
670456
669480
665264
662896
652456
637896
630536
628080
626592
616328
599976
594840
594736
585840
582232
580168
580056
579904
575200
547336
542880
532688
517616
512144
509856
508344
502720
498808
496464
495016
494648
494408
494384
485960
483400
474400
452488
448576
445200
423272
410904
408696
407896
402024
400528
389248
372352
371328
366920
364680
363344
324592
312608
311840
307824
297744
295352
291384
276136
275424
265200
265128
264616
257832
252160
243016
236952
227592
226856
225352
224064
223912
220624
211232
208088
195040
192272
189152
185864
184192
182576
180936
171232
149936
147904
142992
140736
132104
126280
125336
121480
120976
115248
114312
107768
103416
95488
93008
89032
75984
75104
75088
72552
72320
65640
64016
62464
47328
36960
26280
17456
8232
77560
205864
209496
211272
324504
327688
337296
338144
397712
410352
420496
431744
435480
450904
454960
456080
470664
539160
544872
570704
575584
613608
614080
616368
630760
631176
656488
683160
693512
700824
739560
775352
800568
814400
832488
842912
856696
875992
889360
903768
926024
938816
943720
973256
986608
1032912
1058168
1068952
1062304
1076280
1077368
1094224
1094800
1111664
1111816
1116328
1124440
1129560
1132456
1137496
1157688
1166392
1168992
1177888
1181280
1187160
1193936
1200192
1205864
1224984
1235928
1251888
1253136
1261936
1274192
1274352
1278880
1281528
1283168
1288328
1296984
1313432
1317272
1322976
1331696
1367584
1373016
1373336
1378536
1378560
1380576
1397560
1405040
1414728
1435032
1466640
1467256
1482800
1486144
1494912
1497504
1510768
1527768
1531016
1533056
1542696
1547720
1554120
1556016
1561792
1563640
1579792
1585504
1592536
1592944
1600320
1602784
1611880
1616728
1634152
1651808
1668040
1673848
1676904
1687640
1694944
1705904
1706472
1708792
1713728
1732776
1744920
1747312
1752488
1755400
1761808
1797568
1806544
1810936
1814576
1821936
1830912
1832720
1840880
1848152
1853120
1860888
1864296
1867072
1867232
1882752
1883120
1900112
1907952
1912640
1922400
1927704
1929280
1930664
1932448
1933800
1939816
1962584
1972760
1975408
1986920
1991840
2009856
2015272
2016400
2023920
2024952
2028320
2039592
2048688
2048952
2056592
2057400
2073144
2078480
2081728
2082016
2085760
2089688
2091256
2093968
2096888
1965088
1962616
1881184
1878320
1710416
1663136
1648272
1626168
1612000
1605688
1582472
1571312
1568352
1565032
1531232
1495632
1459552
1380968
1359584
1353808
1352256
1351976
1323016
1310296
1287504
1279432
1314168
1219968
1206912
1184424
1182160
1181632
1173752
1172736
1153768
1149840
1134456
1118872
1106056
1096160
1088816
1087960
1075064
1072328
1070656
1061368
1061096
1046656
1037376
1037360
1029792
1026400
1004800
977992
968896
965944
959864
959616
951896
943864
934920
922456
918424
906576
903456
899784
899016
894088
891008
885696
884056
873392
871848
869432
856056
844744
816088
805376
768064
763336
739488
725640
725512
692408
684352
680656
660992
659240
653048
651088
634352
632352
622848
619600
611112
608824
607040
597256
581368
572984
550888
543536
530464
529432
506944
503664
503008
502264
501368
472704
463688
455328
440856
434680
426040
410168
409032
404424
400752
397520
390248
387504
385040
382168
381960
380264
379632
378984
361048
357816
356808
369352
342376
341560
338856
338080
328752
327632
306264
300816
290232
281000
285104
273296
264376
256560
256128
245568
231848
228608
228312
221600
217360
214584
210912
191784
189200
188960
186504
186336
185688
174512
166168
159800
159728
155448
148376
143080
134912
132624
121336
118520
106192
99736
88400
82368
79200
77552
74776
73328
57464
53824
44728
29592
24952
18664
17920
13336
9664
4408
77368
137616
169896
251256
278584
320392
322592
352800
373736
390912
441944
474552
480504
494704
499920
541672
558872
563472
579968
605568
622288
675496
681456
683832
685496
694424
766976
780368
783280
787672
825576
831200
832656
842048
846056
849360
865528
887080
894368
912480
917504
929200
948008
959632
975512
979648
948848
1023400
1027176
1049784
1052200
1058960
1064920
1067128
1070264
1073752
1083232
1085672
1089904
1091904
1109008
1116488
1121096
1128440
1133232
1136480
1144456
1151176
1154152
1154216
1178024
1188728
1189456
1192968
1202336
1208920
1220888
1246296
1248384
1259248
1260696
1263520
1271968
1272616
1293744
1296072
1310760
1316304
1316696
1330920
1332304
1348016
1348272
1352720
1356568
1358240
1374104
1381008
1391656
1417512
1432232
1445448
1448320
1450672
1458032
1465328
1473176
1474592
1478472
1497232
1501040
1518136
1534592
1542160
1550080
1551520
1553384
1560584
1608768
1610048
1611336
1622816
1635984
1637024
1656928
1660808
1662696
1665288
1683032
1693296
1699832
1710608
1721328
1724848
1731832
1736048
1736776
1737840
1745640
1747552
1751368
1759656
1763304
1774288
1774576
1777216
1782632
1783520
1793112
1802176
1812984
1815384
1816360
1817600
1823264
1838864
1839088
1842296
1845568
1847560
1851856
1858392
1863832
1867376
1867472
1868080
1870280
1870872
1876936
1881944
1885872
1912272
1919312
1924128
1925552
1937984
1938024
1954744
1970024
1974688
1980680
1992968
1995632
2009664
2021464
2038480
2041880
2053344
2060328
2064256
2069984
2070960
2071128
2072872
2077280
2080344
2085896
2085968
2090232
1903616
1793640
1780688
1757144
1725880
1715872
1670192
1662960
1647584
1613440
1589208
1583728
1575912
1571192
1560568
1552072
1550960
1550048
1544504
1543296
1513928
1487168
1481440
1469984
1452576
1445712
1436096
1454976
1398120
1317104
1299000
1270824
1196872
1191864
1186864
1183288
1152032
1124832
1109808
1066040
1062320
1050272
1048480
1036888
1031136
1018296
1017040
1001944
998344
991360
984464
983608
973360
963368
957456
936232
929256
928264
910080
907352
893008
870752
855816
845400
838112
836728
832528
827288
808152
805928
797064
796200
784592
769504
760488
757256
736496
726408
715968
715712
713216
710688
722176
696896
687272
673544
665424
663576
645712
644624
638880
628544
618792
615424
597136
591160
586056
588656
582696
568824
563120
562280
560784
550024
548032
547928
541664
532048
563040
494984
493120
492016
490616
486232
485008
481208
479544
460272
457544
447632
426128
421664
421176
417920
413048
407128
405944
382576
378344
358304
358168
353504
336472
336368
335480
331488
327656
320840
308408
301872
277456
259744
253792
252984
237272
228744
212152
209480
202472
197768
184600
183656
156656
154296
144864
141904
140888
132216
126464
123672
110352
104840
100984
99384
97384
90384
90208
89744
85752
65352
63288
58224
52600
41752
18536
13744
6328
5704
3416
1896
328
678344
878424
884520
905200
960240
966384
1032848
1051008
1078544
1103616
1104536
1119384
1148080
1149792
1179048
1207064
1352448
1420344
1439984
1490536
1492384
1507256
1515784
1518232
1528432
1540752
1548280
1603936
1639400
1668280
1673744
1679568
1689520
1695744
1713848
1717944
1742896
1804984
1840816
1882096
1894064
1918208
1944216
1946768
1950560
1959280
1960720
1980576
1997448
2037544
2092800